000-031100002127
11070303000501020200080202020007050202000404020200000003030017060703001400100300042003030004080608000009030500061702020009170202000317020200
100900040100030100070200080400060500050300070700120600120500120400120300120200120100150600140800150800150700150500150400160400170400180400190400052300052400052500032100022100012100031100061900071600081800051700
05211208010901130209000900130213
E
0101210400150199020118019902012101990201180799010121079901010111220401
2004010104120002020100210303030526040402
002-101300021112021010
0412050100010909030001070201000204010300030405010004050103000507050100080602010006050202000100050300
030300090800
0502010205010101
08060401010806060101080806010105030502030007110153000610010307010902010701090251
0301250201
0007010003
002-110800001220091800
04050303000106020200010902020000000303000401030300080103050004090202000511020200061302020007150202000817020200
050400030600010800010300070200031000010500010400050800
T
070401020107040502510701090101070801025108040901010805110101080613010108071501010701060151070405020107040102510708010201
0101230200
0906020002
003-141300001514
111003030011060303000706030300071003030007020303000002030300
101100120900100700080900060300050300040300030300040200040100080500
12110811080712070803
09070601010911100101090904010109071201010913070101
0103240401
14110300040400050501
004-161600001719
061503030003130303000510030300100106030012040401001205010600100902020010060201000812030300
101100021500011500
1302130415041502
091404010109120801010914010101091006010108051002010808120201080615020108031302020707150101070611010104120902040913030101
H
11000400010015060603
005-030900001226030201
02170303000714030300010105050001070505000112010400051201040002150301000618030100081901030006210201000622010300
051800031600030600081700061500060100070100080100090100100100
040502050502
0702170201070217025101030902040707140201070714025109030902050203090204
H
06250503021101070704
006-011900001820160102
04110303000709030300091203030006140303000113030300031603030003070303000601110500
060900051000040600040500040400040300050300
07010705090209041103
070614020107070902010010130153000512015307011302010004170153060603030306080303530610030303080307020105140302030713020201080307020110020600xx
H
0618060404
007-011900001724102211070312070613040614
13100304000110030400130503030006150508000301060800
080900081000081100071100061100051100041100091100101100111100121100031400031500041500051500131400131500121500111500140900140800
151301130921102107200620
06101102040606110254011411010701021101570003150103001315015300081602030008160153080305020108060502010806020201
1406600201
0201070503
